"","V1","V2","V3","V4","V5","V6","V7","V8"
"1",7.853743,7.481461,0.376628,0,0,0,-0.954882,19.774032
"2",7.481461,34.03357,-4.133068,0,0,0,-2.30666,72.334611
"3",0.376628,-4.133068,3955.451673,0,0,0,0.160348,-8.681528
"4",0,0,0,121.777246,1.202035,11.477175,0,0
"5",0,0,0,1.202035,1.272053,-0.000844,0,0
"6",0,0,0,11.477175,-0.000844,3897.214606,0,0
"7",-0.954882,-2.30666,0.160348,0,0,0,0.230281,-5.827105
"8",19.774032,72.334611,-8.681528,0,0,0,-5.827105,173.275604
