"","V1","V2","V3","V4","V5","V6","V7","V8"
"1",1960.2,-1247.668668,199.288652,0,0,0,-104.195658,1611.805995
"2",-1247.668668,908.518493,27.931035,0,0,0,53.144308,-483.758344
"3",199.288652,27.931035,46203.03243,0,0,0,-36.04268,2093.599377
"4",0,0,0,1960.2,-64.061117,12.312518,0,0
"5",0,0,0,-64.061117,3.189601,1.227064,0,0
"6",0,0,0,12.312518,1.227064,3840.977717,0,0
"7",-104.195658,53.144308,-36.04268,0,0,0,12.378062,-283.266151
"8",1611.805995,-483.758344,2093.599377,0,0,0,-283.266151,10454.103968
